FRIDGE 1 SIDE:

right_eef_pose:  (tensor([ 0.5942, -0.1547,  0.4877]), tensor([-0.7187,  0.1017, -0.1112,  0.6787]))
right_eef_pose_world:  [[ 0.955  0.005  0.298  0.994]
 [-0.297 -0.058  0.953 -0.905]
 [ 0.022 -0.998 -0.054  0.488]
 [ 0.     0.     0.     1.   ]]
right_eef_pose_object:  [[-0.296 -0.063  0.953 -0.301]
 [ 0.955  0.005  0.297 -0.506]
 [-0.023  0.998  0.059 -0.055]
 [ 0.     0.     0.     1.   ]]
base_pose:  (tensor([ 4.0000e-01, -7.5000e-01,  5.0008e-04]), tensor([ 5.3085e-08, -3.7628e-08, -2.5631e-08,  1.0000e+00]))

FRIDGE 1 SIDE PRIOR:
right_eef_pose:  (tensor([ 0.5942, -0.2208,  0.4897]), tensor([-0.7329,  0.0973, -0.0974,  0.6663]))
right_eef_pose_world:  [[ 0.962 -0.013  0.272  0.994]
 [-0.272 -0.093  0.958 -0.971]
 [ 0.013 -0.996 -0.093  0.49 ]
 [ 0.     0.     0.     1.   ]]
right_eef_pose_object:  [[-0.271 -0.098  0.957 -0.367]
 [ 0.962 -0.013  0.271 -0.506]
 [-0.015  0.995  0.098 -0.057]
 [ 0.     0.     0.     1.   ]]
base_pose:  (tensor([ 4.0000e-01, -7.5000e-01,  5.0003e-04]), tensor([3.9941e-08, 3.3763e-09, 1.9853e-08, 1.0000e+00]))

FRIDGE 1 FRONT:

right_eef_pose:  (tensor([ 0.6057, -0.1716,  0.4451]), tensor([-0.4976,  0.5552, -0.5196,  0.4175]))
right_eef_pose_world:  [[-0.156 -0.119  0.981  1.006]
 [-0.986 -0.035 -0.161 -0.822]
 [ 0.054 -0.992 -0.112  0.446]
 [ 0.     0.     0.     1.   ]]
right_eef_pose_object:  [[-0.986 -0.04  -0.161 -0.218]
 [-0.155 -0.119  0.981 -0.495]
 [-0.059  0.992  0.111 -0.012]
 [ 0.     0.     0.     1.   ]]
base_pose:  (tensor([ 4.0000e-01, -6.5000e-01,  5.0006e-04]), tensor([-4.5254e-09,  6.0536e-08,  3.3771e-08,  1.0000e+00]))


DRAWER 1 FRONT:
right_eef_pose:  (tensor([ 0.6342, -0.1792,  0.5862]), tensor([-0.0151,  0.7493,  0.0451,  0.6605]))
right_eef_pose_world:  [[-0.11867919  0.09181126  0.98867889  0.87341589]
 [ 0.05843421  0.99463601 -0.08535012 -0.28655037]
 [-0.99121173  0.04764338 -0.12340751  0.58667845]
 [ 0.          0.          0.          1.        ]]
right_eef_pose_object:  [[-0.05843413 -0.99463599  0.08535047  0.0365501 ]
 [-0.11867914  0.09181159  0.98867886 -0.62658401]
 [-0.99121174  0.04764327 -0.12340748  0.25764381]
 [ 0.          0.          0.          1.        ]]
base_pose:  (tensor([2.8000e-01, 1.1276e-07, 5.0001e-04]), tensor([ 2.0869e-08, -1.3673e-08, -8.7156e-02,  9.9619e-01]))

DRAWER 1 TOP:
right_eef_pose:  (tensor([ 0.6030, -0.1410,  0.6840]), tensor([0.0598, 0.9939, 0.0798, 0.0463]))
right_eef_pose_world:  [[-0.95161786  0.27998845  0.12660927  0.84933889]
 [ 0.29600132  0.94587495  0.13305564 -0.24352336]
 [-0.0825025   0.16409464 -0.98298845  0.68454319]
 [ 0.          0.          0.          1.        ]]
right_eef_pose_object:  [[-0.29600208 -0.94587479 -0.13305509 -0.00647753]
 [-0.95161762  0.27998926  0.12660933 -0.65066132]
 [-0.08250258  0.16409419 -0.98298852  0.35550842]
 [ 0.          0.          0.          1.        ]]
base_pose:  (tensor([2.8000e-01, 9.4580e-08, 5.0000e-04]), tensor([ 2.1592e-08,  9.5612e-10, -8.7156e-02,  9.9619e-01]))


FRIDGE 2 RIGHT FRONT:
right_eef_pose:  (tensor([ 0.6899, -0.1367,  0.5658]), tensor([-0.5054,  0.4612, -0.5136,  0.5178]))
right_eef_pose_world:  [[ 0.047  0.066  0.997  0.99 ]
 [-0.998 -0.038  0.05  -0.537]
 [ 0.041 -0.997  0.064  0.566]
 [ 0.     0.     0.     1.   ]]
right_eef_pose_object:  [[-0.998 -0.038  0.05  -0.137]
 [ 0.046  0.093  0.995 -0.526]
 [-0.043  0.995 -0.092 -0.012]
 [ 0.     0.     0.     1.   ]]
base_pose:  (tensor([ 0.3000, -0.4000,  0.0005]), tensor([ 3.2757e-08, -1.6492e-08,  2.2173e-08,  1.0000e+00]))


FRIDGE 2 RIGHT SIDE PRIOR:
right_eef_pose:  (tensor([ 0.6627, -0.1993,  0.5425]), tensor([-0.7366,  0.1052, -0.1110,  0.6589]))
right_eef_pose_world:  [[ 0.953 -0.009  0.302  0.963]
 [-0.301 -0.11   0.947 -0.599]
 [ 0.025 -0.994 -0.107  0.543]
 [ 0.     0.     0.     1.   ]]
right_eef_pose_object:  [[-0.301 -0.11   0.947 -0.199]
 [ 0.952  0.019  0.305 -0.552]
 [-0.051  0.994  0.099  0.012]
 [ 0.     0.     0.     1.   ]]
base_pose:  (tensor([ 0.3000, -0.4000,  0.0005]), tensor([2.8308e-08, 6.6559e-09, 9.6240e-10, 1.0000e+00]))


FRIDGE 2 RIGHT SIDE:
right_eef_pose:  (tensor([ 0.6641, -0.1034,  0.5426]), tensor([-0.7336,  0.1123, -0.1186,  0.6597]))
right_eef_pose_world:  [[ 0.947 -0.008  0.322  0.964]
 [-0.321 -0.104  0.941 -0.503]
 [ 0.026 -0.995 -0.101  0.543]
 [ 0.     0.     0.     1.   ]]
right_eef_pose_object:  [[-0.321 -0.104  0.941 -0.103]
 [ 0.946  0.019  0.325 -0.551]
 [-0.052  0.994  0.092  0.012]
 [ 0.     0.     0.     1.   ]]
base_pose:  (tensor([ 0.3000, -0.4000,  0.0005]), tensor([-2.2849e-08, -6.5682e-08,  7.6032e-08,  1.0000e+00]))


CLOSE DRAWER 1 FRONT:
right_eef_pose:  (tensor([ 0.6088, -0.2064,  0.6425]), tensor([1.9433e-04, 8.4135e-01, 1.8911e-02, 5.4016e-01]))
right_eef_pose_world:  [[-0.40653186  0.15371011  0.90061371  0.56675249]
 [ 0.09275247  0.98759667 -0.12668779 -0.30944282]
 [-0.90891629  0.03203152 -0.4157465   0.64296556]
 [ 0.          0.          0.          1.        ]]
right_eef_pose_object:  [[-0.09275438 -0.98759589  0.1266925   0.05943889]
 [-0.40653036  0.15371515  0.90061352 -0.93325959]
 [-0.90891677  0.0320315  -0.41574547  0.2953502 ]
 [ 0.          0.          0.          1.        ]]
base_pose:  (tensor([ 0.0030, -0.0005,  0.0005]), tensor([ 7.0061e-08,  9.0184e-09, -8.7147e-02,  9.9620e-01]))

CLOSE DRAWER 1 TOP PRIOR:
right_eef_pose:  (tensor([ 0.6025, -0.2000,  0.7366]), tensor([-0.0136,  0.9915,  0.0787,  0.1029]))
right_eef_pose_world:  [[-0.96546242  0.12882788  0.22646344  0.55864775]
 [ 0.15922487  0.97974152  0.12146603 -0.30156094]
 [-0.20622742  0.1533295  -0.96641622  0.73709154]
 [ 0.          0.          0.          1.        ]]
right_eef_pose_object:  [[-0.1592298  -0.97974089 -0.12146468  0.05155695]
 [-0.96546137  0.12883274  0.22646515 -0.94136439]
 [-0.20622853  0.15332945 -0.96641599  0.38947618]
 [ 0.          0.          0.          1.        ]]
base_pose:  (tensor([-8.5259e-11,  1.2859e-07,  4.9999e-04]), tensor([ 2.6030e-08,  3.1846e-09, -8.7156e-02,  9.9619e-01]))

CLOSE DRAWER 1 TOP:
rright_eef_pose:  (tensor([ 0.6131, -0.2207,  0.6220]), tensor([-0.0245,  0.9969,  0.0540,  0.0520]))
right_eef_pose_world:  [[-0.98581508  0.11878525  0.11856934  0.56541961]
 [ 0.12992467  0.98733008  0.09109823 -0.32379729]
 [-0.10624595  0.10521109 -0.98875802  0.6224969 ]
 [ 0.          0.          0.          1.        ]]
right_eef_pose_object:  [[-0.12991022 -0.98733175 -0.09110077  0.07377872]
 [-0.98581696  0.11877064  0.11856838 -0.93460444]
 [-0.10624623  0.10521192 -0.9887579   0.27488186]
 [ 0.          0.          0.          1.        ]]
base_pose:  (tensor([1.4932e-08, 1.1380e-07, 5.0000e-04]), tensor([-5.1204e-09,  3.7885e-08, -8.7156e-02,  9.9619e-01]))

CLOSE DRAWER 2 TOP PRIOR:
right_eef_pose:  (tensor([ 0.5686, -0.1521,  0.5773]), tensor([-0.0949,  0.9923,  0.0469,  0.0647]))
right_eef_pose_world:  [[-0.99046955 -0.02168578  0.13601395  0.4335753 ]
 [-0.0104326   0.99650252  0.08290887 -0.24856398]
 [-0.13733619  0.08069973 -0.98723165  0.57775724]
 [ 0.          0.          0.          1.        ]]
right_eef_pose_object:  [[ 0.01099326 -0.99651224 -0.08271947 -0.00168484]
 [-0.99013039 -0.02240685  0.13834645 -1.07429886]
 [-0.13971741  0.08038218 -0.98692338  0.3309561 ]
 [ 0.          0.          0.          1.        ]]
base_pose:  (tensor([-1.0000e-01,  1.0171e-07,  4.9999e-04]), tensor([-3.8601e-09, -1.4772e-08, -8.7156e-02,  9.9619e-01]))

CLOSE DRAWER 2 TOP:
right_eef_pose:  (tensor([ 0.6039, -0.1608,  0.4373]), tensor([-0.0881,  0.9945,  0.0347,  0.0444]))
right_eef_pose_world:  [[-9.95539783e-01 -5.15078576e-03  9.42019639e-02  4.66782272e-01]
 [ 6.44029163e-04  9.98114189e-01  6.13811939e-02 -2.63190299e-01]
 [-9.43404782e-02  6.11680892e-02 -9.93659066e-01  4.37773019e-01]
 [ 0.00000000e+00  0.00000000e+00  0.00000000e+00  1.00000000e+00]]
right_eef_pose_object:  [[-9.42163256e-05 -9.98127515e-01 -6.11674306e-02  1.29591276e-02]
 [-9.95309962e-01 -5.82356220e-03  9.65617170e-02 -1.04074003e+00]
 [-9.67371189e-02  6.08896507e-02 -9.93445711e-01  1.91055980e-01]
 [ 0.00000000e+00  0.00000000e+00  0.00000000e+00  1.00000000e+00]]
base_pose:  (tensor([-1.0000e-01,  9.6857e-08,  4.9999e-04]), tensor([ 4.3710e-08, -3.7737e-08, -8.7156e-02,  9.9619e-01]))

CLOSE DRAWER 2 FRONT:
right_eef_pose:  (tensor([ 0.6093, -0.1735,  0.4664]), tensor([-0.0634,  0.7746,  0.0373,  0.6281]))
right_eef_pose_world:  [[-0.20873958  0.02895474  0.97754254  0.46373308]
 [-0.01529211  0.99934278 -0.03286586 -0.27559617]
 [-0.9778517  -0.0218091  -0.20815962  0.46686295]
 [ 0.          0.          0.          1.        ]]
right_eef_pose_object:  [[ 0.01565984 -0.99935201  0.03240893  0.02536901]
 [-0.20637571  0.02848446  0.97805813 -1.04381749]
 [-0.9783475  -0.02200465 -0.20579592  0.22014164]
 [ 0.          0.          0.          1.        ]]
base_pose:  (tensor([-0.1062,  0.0011,  0.0005]), tensor([ 2.7164e-08, -2.4957e-08, -8.7189e-02,  9.9619e-01]))

